"Населено място","Търговски обект","Наименование на продукта","Код на продукта","Категория","Цена на дребно","Цена в промоция"
"10135","СУПЕРМАРКЕТ НАБЛИЗО - гр. Варна","АРИАНА 2л.","5","74","1.59","1.29"
"10135","СУПЕРМАРКЕТ НАБЛИЗО - гр. Варна","ШУМЕНСКО 2л.","22","74","1.75",""
"10135","СУПЕРМАРКЕТ НАБЛИЗО - гр. Варна","ДОБРОТИЦА СИРЕНЕ КУТИЯ 800гр.","46","9","9.20",""
"10135","СУПЕРМАРКЕТ НАБЛИЗО - гр. Варна","КАРНОБАТСКА ГРОЗДОВА 700мл.","102","77","6.90",""
"10135","СУПЕРМАРКЕТ НАБЛИЗО - гр. Варна","ГРОЗДЕН РАКИЯ 700мл.","106","77","6.03",""
"10135","СУПЕРМАРКЕТ НАБЛИЗО - гр. Варна","ДЕГУСТО БЯЛ БОБ 400гр.","131","46","1.22",""
"10135","СУПЕРМАРКЕТ НАБЛИЗО - гр. Варна","ПАЛМОЛИВ ШАМПОАН 350мл.","160","82","2.25",""
"10135","СУПЕРМАРКЕТ НАБЛИЗО - гр. Варна","МЕЛИСА МАКАРОНИ МИНЬОНИ ЖИВОТНИ 500гр.","170","36","1.84",""
"10135","СУПЕРМАРКЕТ НАБЛИЗО - гр. Варна","САПУН ПАЛМОЛИВ","177","83","0.97",""
"10135","СУПЕРМАРКЕТ НАБЛИЗО - гр. Варна","САПУН ДАВ","179","83","1.12",""
"10135","СУПЕРМАРКЕТ НАБЛИЗО - гр. Варна","САПУН ТЕО 70гр.","181","83","0.45",""
"10135","СУПЕРМАРКЕТ НАБЛИЗО - гр. Варна","САПУН ТЕО БЕБЕ","184","83","0.76",""
"10135","СУПЕРМАРКЕТ НАБЛИЗО - гр. Варна","ШАМПОАН ТЕО 350мл.","205","82","1.84",""
"10135","СУПЕРМАРКЕТ НАБЛИЗО - гр. Варна","ЕЛКО ДЕЛИКАТЕСЕН ШПЕК","213","28","13.29",""
"10135","СУПЕРМАРКЕТ НАБЛИЗО - гр. Варна","ТЪРГОВИЩЕ СОВИНЬОН БЛАН 750мл.","237","75","4.70",""
"10135","СУПЕРМАРКЕТ НАБЛИЗО - гр. Варна","ЯМБОЛСКА ГРОЗДОВА 700мл.","261","77","6.64",""
"10135","СУПЕРМАРКЕТ НАБЛИЗО - гр. Варна","КАЙЛЪШКА ГРОЗДОВА РАКИЯ 700мл.","264","77","8.13",""
"10135","СУПЕРМАРКЕТ НАБЛИЗО - гр. Варна","КАМЕНИЦА 2л.","344","74","1.80",""
"10135","СУПЕРМАРКЕТ НАБЛИЗО - гр. Варна","БРАШНО ЕКСТРА СОФИЯ 1кг.","359","41","1.22",""
"10135","СУПЕРМАРКЕТ НАБЛИЗО - гр. Варна","ОЛИНЕЗА ДОМАТИ НА КУБЧЕТА 500гр.","363","48","1.99",""
"10135","СУПЕРМАРКЕТ НАБЛИЗО - гр. Варна","ПЪЛНОЗЪРНЕСТ ХЛЯБ 100% РЪЖ ДЕЛБА ЛЕНЕНО СЕМЕ 500гр.","383","3","2.50",""
"10135","СУПЕРМАРКЕТ НАБЛИЗО - гр. Варна","БЕРТИ ПРЯСНО МЛЯКО 3.5%","425","6","1.53",""
"10135","СУПЕРМАРКЕТ НАБЛИЗО - гр. Варна","КРОАСАН 7ДЕЙС 92гр - МАКС ШОКОЛАД","476","67","0.90",""
"10135","СУПЕРМАРКЕТ НАБЛИЗО - гр. Варна","СВИНСКА ПЛЕШКА","491","18","7.11",""
"10135","СУПЕРМАРКЕТ НАБЛИЗО - гр. Варна","МЕЛИСА СПАГЕТИ н.10 500гр.","499","37","1.84",""
"10135","СУПЕРМАРКЕТ НАБЛИЗО - гр. Варна","МАДЖАРОВ КРАВЕ СИРЕНЕ КУТИЯ 500гр.","529","9","9.00",""
"10135","СУПЕРМАРКЕТ НАБЛИЗО - гр. Варна","МАДЖАРОВ КРАВЕ КАШКАВАЛ 200гр.","557","11","5.37",""
"10135","СУПЕРМАРКЕТ НАБЛИЗО - гр. Варна","КРОАСАН 22 КАРАТА ДУО 80гр.","567","67","0.46",""
"10135","СУПЕРМАРКЕТ НАБЛИЗО - гр. Варна","ЛАВАЦА КРЕМА ГУСТО 250гр.","610","70","7.20",""
"10135","СУПЕРМАРКЕТ НАБЛИЗО - гр. Варна","ЕХО ВЕРО 400мл.","629","79","1.35",""
"10135","СУПЕРМАРКЕТ НАБЛИЗО - гр. Варна","ДОБРОТИЦА ИЗВАРА 500гр.","650","14","2.90",""
"10135","СУПЕРМАРКЕТ НАБЛИЗО - гр. Варна","КРОАСАН 7ДЕЙС СУПЕР МАКС КАКАО 110гр.","663","67","1.07",""
"10135","СУПЕРМАРКЕТ НАБЛИЗО - гр. Варна","ЗАНАЯТЧИЙСКИ РЪЧЕН КАШКАВАЛ 200гр.","711","11","2.86",""
"10135","СУПЕРМАРКЕТ НАБЛИЗО - гр. Варна","ОЛИО КАЛИАКРА 1л.","713","42","2.20",""
"10135","СУПЕРМАРКЕТ НАБЛИЗО - гр. Варна","ОЦЕТ КУЛИНАР ВИНЕН 700мл.","719","44","1.27",""
"10135","СУПЕРМАРКЕТ НАБЛИЗО - гр. Варна","ОЛИНЕЗА ТРАДИЦИОННА ЛЮТЕНИЦА 520гр.","728","49","3.06",""
"10135","СУПЕРМАРКЕТ НАБЛИЗО - гр. Варна","ОЛИНЕЗА ДОМАШНА ЛЮТЕНИЦА 515гр.","730","49","3.93",""
"10135","СУПЕРМАРКЕТ НАБЛИЗО - гр. Варна","СЕЛЦЕ ТРАДИЦИОННА ЛЮТЕНИЦА 580гр.","761","49","2.04",""
"10135","СУПЕРМАРКЕТ НАБЛИЗО - гр. Варна","ЛЕЩА КРЪСТЕВ 1кг.","796","34","2.71",""
"10135","СУПЕРМАРКЕТ НАБЛИЗО - гр. Варна","КРЪСТЕВ МАКАРОНИ РАКОВИНА 400гр.","800","36","0.64",""
"10135","СУПЕРМАРКЕТ НАБЛИЗО - гр. Варна","КАШКАВАЛ ГОВЕДАРЦИ 200гр.","883","11","2.71",""
"10135","СУПЕРМАРКЕТ НАБЛИЗО - гр. Варна","КОЛГЕЙТ ПАСТА ЗА ЗЪБИ 75мл.","908","81","1.73",""
"10135","СУПЕРМАРКЕТ НАБЛИЗО - гр. Варна","ТАТ ГРАХ БУРКАН 680гр.","953","47","1.84",""
"10135","СУПЕРМАРКЕТ НАБЛИЗО - гр. Варна","ЧАЙ ЛИПОВ","958","72","2.55",""
"10135","СУПЕРМАРКЕТ НАБЛИЗО - гр. Варна","ЧАЙ ВЪЛШЕБНИК","959","72","1.38",""
"10135","СУПЕРМАРКЕТ НАБЛИЗО - гр. Варна","ЧАЙ УТРО","960","72","1.02",""
"10135","СУПЕРМАРКЕТ НАБЛИЗО - гр. Варна","ЧАЙ МЕНТА","961","72","1.13",""
"10135","СУПЕРМАРКЕТ НАБЛИЗО - гр. Варна","ЧАЙ ЛАЙКА","962","72","1.17",""
"10135","СУПЕРМАРКЕТ НАБЛИЗО - гр. Варна","ЧАЙ ШИПКА","963","72","1.18",""
"10135","СУПЕРМАРКЕТ НАБЛИЗО - гр. Варна","ЧАЙ МАЩЕРКА","964","72","1.38",""
"10135","СУПЕРМАРКЕТ НАБЛИЗО - гр. Варна","ЕДУШО КАФЕ НА ЗЪРНА ИНТЕНС 1кг.","968","71","25.55",""
"10135","СУПЕРМАРКЕТ НАБЛИЗО - гр. Варна","ЕДУШО КАФЕ НА ЗЪРНА КЛАСИК 1кг.","969","71","25.55",""
"10135","СУПЕРМАРКЕТ НАБЛИЗО - гр. Варна","САЯНА СИРЕНЕ ВАКУМ 400гр.","1016","9","3.98",""
"10135","СУПЕРМАРКЕТ НАБЛИЗО - гр. Варна","МИЛКИ КАШКАВАЛ 250гр.","1021","11","2.97",""
"10135","СУПЕРМАРКЕТ НАБЛИЗО - гр. Варна","МЛЕЧЕН ШОКОЛАД 80гр.","1083","69","1.38",""
"10135","СУПЕРМАРКЕТ НАБЛИЗО - гр. Варна","ЯЙЦА 6бр. КУТИЯ","1121","32","1.62",""
"10135","СУПЕРМАРКЕТ НАБЛИЗО - гр. Варна","СИРЕНЕ КИСЕЛОВО","1126","8","7.41",""
"10135","СУПЕРМАРКЕТ НАБЛИЗО - гр. Варна","СТЕЛА СПАГЕТИ н.10 500гр.","1155","37","1.50",""
"10135","СУПЕРМАРКЕТ НАБЛИЗО - гр. Варна","КАШКАВАЛ АРАЧИЕВ ТОСТЕР","1156","10","10.69",""
"10135","СУПЕРМАРКЕТ НАБЛИЗО - гр. Варна","КРЪСТЕВ МАКАРОНИ ЮФКА 400гр.","1160","36","0.64",""
"10135","СУПЕРМАРКЕТ НАБЛИЗО - гр. Варна","ПЕРЕЛИК ШПЕК БУРГАС 260гр.","1181","28","3.30",""
"10135","СУПЕРМАРКЕТ НАБЛИЗО - гр. Варна","ЗАХАР ЕМОНА 1кг.","1203","38","1.25",""
"10135","СУПЕРМАРКЕТ НАБЛИЗО - гр. Варна","КЕН КРЕНВИРШИ","1204","26","6.39",""
"10135","СУПЕРМАРКЕТ НАБЛИЗО - гр. Варна","БАНАН- ЕКВАДОР КЛАС 1","1248","52","2.10",""
"10135","СУПЕРМАРКЕТ НАБЛИЗО - гр. Варна","ЛИМОНИ-ГЪРЦИЯ КЛАС 1","1249","50","2.96",""
"10135","СУПЕРМАРКЕТ НАБЛИЗО - гр. Варна","ПОРТОКАЛИ-ГЪРЦИЯ КЛАС 1","1250","51","2.35",""
"10135","СУПЕРМАРКЕТ НАБЛИЗО - гр. Варна","ЯБЪЛКА ШАРЕНА-ПОЛША КЛАС 1","1252","53","1.62",""
"10135","СУПЕРМАРКЕТ НАБЛИЗО - гр. Варна","КРЪСТЕВ МАКАРОИ КЪСИ 400гр.","1279","36","0.64",""
"10135","СУПЕРМАРКЕТ НАБЛИЗО - гр. Варна","ДЕВА ШАМПОАН ОРЕХ И АЛОЕ 500мл.","1286","82","2.35",""
"10135","СУПЕРМАРКЕТ НАБЛИЗО - гр. Варна","ПИЛЕШКО ФИЛЕ КАПКА","1299","16","8.79",""
"10135","СУПЕРМАРКЕТ НАБЛИЗО - гр. Варна","ЛЕКИ ШУНКА КЛАСИК 300гр.","1300","27","3.00",""
"10135","СУПЕРМАРКЕТ НАБЛИЗО - гр. Варна","БЕЛА ТОЧЕНИ КОРИ 400гр.","1302","5","1.84",""
"10135","СУПЕРМАРКЕТ НАБЛИЗО - гр. Варна","ФАМИЛИЯ ТОЧЕНИ КОРИ 500гр.","1303","5","2.10",""
"10135","СУПЕРМАРКЕТ НАБЛИЗО - гр. Варна","ЛЕКИ КРЕНВИРШ","1313","26","6.60",""
"10135","СУПЕРМАРКЕТ НАБЛИЗО - гр. Варна","ЕЛЕНА СИРЕНЕ ВАКУМ","1316","9","9.97",""
"10135","СУПЕРМАРКЕТ НАБЛИЗО - гр. Варна","СВИНСКИ БУТ","1330","19","7.11",""
"10135","СУПЕРМАРКЕТ НАБЛИЗО - гр. Варна","ЧАЙ МАТОЧИНА","1332","72","1.02",""
"10135","СУПЕРМАРКЕТ НАБЛИЗО - гр. Варна","КИСЕЛО МЛЯКО ДОБРОТИЦА 2%","1375","7","0.95",""
"10135","СУПЕРМАРКЕТ НАБЛИЗО - гр. Варна","ДЕРОНИ ЛЮТЕНИЦА ДЕРОНИКО 520гр.","1377","49","3.22",""
"10135","СУПЕРМАРКЕТ НАБЛИЗО - гр. Варна","ПРЕЗИДЕНТ СИРЕНЕ САЛАКИС","1390","8","9.15",""
"10135","СУПЕРМАРКЕТ НАБЛИЗО - гр. Варна","ХЛЯБ НАШЕНСКИ СЪС ЗАКВАСКА 400гр.","1428","1","0.56",""
"10135","СУПЕРМАРКЕТ НАБЛИЗО - гр. Варна","МАСЛИНИ СУПЕР МАМУТ","1429","62","6.39",""
"10135","СУПЕРМАРКЕТ НАБЛИЗО - гр. Варна","ВЕРЕЯ КИСЕЛО МЛЯКО 2.9%","1437","7","0.79",""
"10135","СУПЕРМАРКЕТ НАБЛИЗО - гр. Варна","МОРКОВ-БЪЛГАРИЯ КЛАС 1","1453","56","1.07",""
"10135","СУПЕРМАРКЕТ НАБЛИЗО - гр. Варна","ЛУК-БЪЛГАРИЯ КЛАС 1","1455","55","0.85",""
"10135","СУПЕРМАРКЕТ НАБЛИЗО - гр. Варна","КАШКАВАЛ ЖЪЛТУША ТОСТЕР","1462","10","12.53",""
"10135","СУПЕРМАРКЕТ НАБЛИЗО - гр. Варна","ПРЕЗИДЕНТ КРАВЕ МАСЛО 125гр.","1466","12","3.99",""
"10135","СУПЕРМАРКЕТ НАБЛИЗО - гр. Варна","ОЦЕТ ЯБЪЛКОВ ДЕЛАЛМА 700мл.","1517","45","1.79",""
"10135","СУПЕРМАРКЕТ НАБЛИЗО - гр. Варна","КАРТОФ МИТ-ФРАНЦИЯ КЛАС 1","1583","61","0.97",""
"10135","СУПЕРМАРКЕТ НАБЛИЗО - гр. Варна","ВЕРАНО АЗУР ФЮЖЪН БЯЛО ВИНО 750мл.","1586","75","4.60",""
"10135","СУПЕРМАРКЕТ НАБЛИЗО - гр. Варна","ХЛЯБ ПШЕНИЧЕН ТОСТЕР 550гр.","1658","1","1.07",""
"10135","СУПЕРМАРКЕТ НАБЛИЗО - гр. Варна","ЗЕЛЕ-БЪЛГАРИЯ КЛАС 1","1701","57","0.89",""
"10135","СУПЕРМАРКЕТ НАБЛИЗО - гр. Варна","ДОМЕЙН БОЯР СОВИНЬОН БЛАН 750мл.","1711","75","5.23",""
"10135","СУПЕРМАРКЕТ НАБЛИЗО - гр. Варна","КРЪСТЕВ МАКАРОНИ СПИРАЛИ 400гр.","1721","36","0.64",""
"10135","СУПЕРМАРКЕТ НАБЛИЗО - гр. Варна","ТЕО БЕБЕ МОКРИ КЪРПИ АЛОЕ ВЕРА 72бр.","1724","84","1.40",""
"10135","СУПЕРМАРКЕТ НАБЛИЗО - гр. Варна","ЧАЙ АЛПИНИСТ","1810","72","1.02",""
"10135","СУПЕРМАРКЕТ НАБЛИЗО - гр. Варна","ВИБО БЯЛО БРАШНО 1кг.","1821","40","0.86",""
"10135","СУПЕРМАРКЕТ НАБЛИЗО - гр. Варна","ОЦЕТ РУСЕНЕЦ ВИНЕН 700мл","1871","44","1.27",""
"10135","СУПЕРМАРКЕТ НАБЛИЗО - гр. Варна","БОЖЕНЦИ КРАВЕ СИРЕНЕ 400гр.","1877","9","4.29",""
"10135","СУПЕРМАРКЕТ НАБЛИЗО - гр. Варна","ЗАХАР ФИОРЕ 1кг.","1906","38","1.05",""
"10135","СУПЕРМАРКЕТ НАБЛИЗО - гр. Варна","МАДЖАРОВ КРАВЕ СИРЕНЕ 200гр.","1971","9","3.40",""
"10135","СУПЕРМАРКЕТ НАБЛИЗО - гр. Варна","БРАШНО СОФИЯ МЕЛ ТИП 500 - КЛАСИК 1кг.","1977","40","1.17",""
"10135","СУПЕРМАРКЕТ НАБЛИЗО - гр. Варна","ЗАХАР КЛИО 1кг.","1999","38","1.02",""
"10135","СУПЕРМАРКЕТ НАБЛИЗО - гр. Варна","БИСКВИТИ КРИСТАЛ С МАСЛО 130гр.","2011","66","0.89",""
"10135","СУПЕРМАРКЕТ НАБЛИЗО - гр. Варна","САЯНА ПРЯСНО МЛЯКО УХТ 1л.3 2%","2017","6","1.53",""
"10135","СУПЕРМАРКЕТ НАБЛИЗО - гр. Варна","КРАСТАВИЦА-ГЪРЦИЯ КЛАС 1","2035","58","4.18",""
"10135","СУПЕРМАРКЕТ НАБЛИЗО - гр. Варна","ЗЕВА ТОАЛЕТНА ХАРТИЯ 8бр.","2038","85","4.55",""
"10135","СУПЕРМАРКЕТ НАБЛИЗО - гр. Варна","ДУНАВСКИ КОРИ ЗА БАНИЦА 400гр.","2111","5","2.71",""
"10135","СУПЕРМАРКЕТ НАБЛИЗО - гр. Варна","СВИНСКО МЕСО ЗА ГОТВЕНЕ","2123","22","7.11",""
"10135","СУПЕРМАРКЕТ НАБЛИЗО - гр. Варна","ЧЕСЪН ГЛАВИ-БЪЛГАРИЯ КЛАС 1","2126","59","4.85",""
"10135","СУПЕРМАРКЕТ НАБЛИЗО - гр. Варна","СИРЕНЕ ДОБРОТИЦА БДС ВАКУМ","2182","9","12.27",""
"10135","СУПЕРМАРКЕТ НАБЛИЗО - гр. Варна","ДЕВИН МИНЕРАЛНА СТЕК 6* 1.5л.","2284","73","3.65",""
"10135","СУПЕРМАРКЕТ НАБЛИЗО - гр. Варна","ДЕРОНИ МАКАРОНИ КАСАРЕЧЕ 400гр.","2313","36","1.25",""
"10135","СУПЕРМАРКЕТ НАБЛИЗО - гр. Варна","КРОАСАНИ 22 КАРАТА ШОКОЛАД 55гр.","2323","67","0.31",""
"10135","СУПЕРМАРКЕТ НАБЛИЗО - гр. Варна","КРАВЕ МАСЛО МАРКЕНБУТЕР ЗЛАТНО 250гр.","2327","12","4.60",""
"10135","СУПЕРМАРКЕТ НАБЛИЗО - гр. Варна","ДЕРОНИ МАКАРОНИ ДИТАЛИ 400гр.","2338","36","1.05",""
"10135","СУПЕРМАРКЕТ НАБЛИЗО - гр. Варна","СОЛ ЕКСТРА СИВЕС 1кг.","2356","39","0.49",""
"10135","СУПЕРМАРКЕТ НАБЛИЗО - гр. Варна","ЖЪЛТУША ТОПКА МАСЛО","2364","12","16.87",""
"10135","СУПЕРМАРКЕТ НАБЛИЗО - гр. Варна","КАЙМА МОНТИ МЕС СМЕС 60/40","2400","25","7.67",""
"10135","СУПЕРМАРКЕТ НАБЛИЗО - гр. Варна","СИРЕНЕ ЕЛЕНА","2436","8","8.69",""
"10135","СУПЕРМАРКЕТ НАБЛИЗО - гр. Варна","КАШКАВАЛ РАВНО ПОЛЕ","2442","10","10.18",""
"10135","СУПЕРМАРКЕТ НАБЛИЗО - гр. Варна","СОЛ КРИНА 1кг.","2445","39","0.70",""
"10135","СУПЕРМАРКЕТ НАБЛИЗО - гр. Варна","ЕЛКО КРЕНВИРШИ","2447","26","7.26",""
"10135","СУПЕРМАРКЕТ НАБЛИЗО - гр. Варна","ТОДОРКА ЕДРОСМЛЯНА ЛЮТЕНИЦА 570гр.","2504","49","3.12",""
"10135","СУПЕРМАРКЕТ НАБЛИЗО - гр. Варна","ЕЛКО ЖАРЕНА ШУНКА КАЛЪП","2554","27","10.69",""
"10135","СУПЕРМАРКЕТ НАБЛИЗО - гр. Варна","ДЕГУСТО ДОМАТИ ЦЕЛИ БЕЛЕНИ 400гр.","2573","48","1.27",""
"10135","СУПЕРМАРКЕТ НАБЛИЗО - гр. Варна","БОЧКО ПАСТА ЗА ЗЪБИ 50мл.","2583","81","1.99",""
"10135","СУПЕРМАРКЕТ НАБЛИЗО - гр. Варна","ГРАФТСМАН СОВИНЬОН БЛАН/СЕМИЛОН 750мл.","2624","75","3.99",""
"10135","СУПЕРМАРКЕТ НАБЛИЗО - гр. Варна","СЕЛЦЕ ЕДРОСМЯНА ЛЮТЕНИЦА 570гр.","2633","49","2.76",""
"10135","СУПЕРМАРКЕТ НАБЛИЗО - гр. Варна","ЧАЙ ЗЕЛЕН","2673","72","1.02",""
"10135","СУПЕРМАРКЕТ НАБЛИЗО - гр. Варна","ЧАЙ ГОРСКИ КЪТ","2674","72","1.38",""
"10135","СУПЕРМАРКЕТ НАБЛИЗО - гр. Варна","ЧАЙ КАРКАДЕ","2675","72","1.79",""
"10135","СУПЕРМАРКЕТ НАБЛИЗО - гр. Варна","МАСЛИНИ КАЛАМОН ЕКСТРА-ГЪРЦИЯ","2706","62","6.65",""
"10135","СУПЕРМАРКЕТ НАБЛИЗО - гр. Варна","ВЕРЕЯ СИРЕНЕ ВАКУМ 200гр.","2734","9","3.32",""
"10135","СУПЕРМАРКЕТ НАБЛИЗО - гр. Варна","ИЗГРЕВ БИСКВИТИ ОБИК. 182гр.","2754","66","0.90",""
"10135","СУПЕРМАРКЕТ НАБЛИЗО - гр. Варна","ИЗГРЕВ БИСКВИТИ ОБИК.120гр.","2755","66","0.61",""
"10135","СУПЕРМАРКЕТ НАБЛИЗО - гр. Варна","ТОДОРКА ТРАДИЦИОННА ЛЮТЕНИЦА 575гр.","2828","49","2.81",""
"10135","СУПЕРМАРКЕТ НАБЛИЗО - гр. Варна","ОРИЗ БИСЕРЕН КРЪСТЕВ 1кг.","2906","35","1.99",""
"10135","СУПЕРМАРКЕТ НАБЛИЗО - гр. Варна","ТЕО БЕБЕ МОКРИ КЪРПИ СЕНСИТИВ 72бр.","2937","84","1.38",""
"10135","СУПЕРМАРКЕТ НАБЛИЗО - гр. Варна","КАШКАВАЛ РОДОПЧАНКА ВАКУУМ","2948","11","14.27",""
"10135","СУПЕРМАРКЕТ НАБЛИЗО - гр. Варна","ЧЕТКА ЗА ЗЪБИ ДЕНТАЛ 1бр.","2953","80","0.51",""
"10135","СУПЕРМАРКЕТ НАБЛИЗО - гр. Варна","КРАВЕ МАСЛО ХРАНИНВЕСТ 125гр.","2955","12","1.73",""
"10135","СУПЕРМАРКЕТ НАБЛИЗО - гр. Варна","МЕЛИСА МАКАРОНИ 500гр.","2974","36","1.84",""
"10135","СУПЕРМАРКЕТ НАБЛИЗО - гр. Варна","ГЪБИ - НАСИПНИ-ПОЛША КЛАС 1","3021","60","4.05",""
"10135","СУПЕРМАРКЕТ НАБЛИЗО - гр. Варна","ДЕРОНИ МАКАРОНИ ПЕНЕ РИГАТЕ 400гр.","3075","36","1.05",""
"10135","СУПЕРМАРКЕТ НАБЛИЗО - гр. Варна","САЯНА ПРЯСНО МЛЯКО 1л.","3137","6","1.89",""
"10135","СУПЕРМАРКЕТ НАБЛИЗО - гр. Варна","СОФИЯ КАРНОБАТ МЕРЛО 750мл.","3144","76","2.19",""
"10135","СУПЕРМАРКЕТ НАБЛИЗО - гр. Варна","ПЪЛНОЗЪРНЕСТ ХЛЯБ 100% РЪЖ ДЕЛБА 500гр.","3146","3","2.71",""
"10135","СУПЕРМАРКЕТ НАБЛИЗО - гр. Варна","СОФИЯ КАРНОБАТ КАБЕРНЕ 750мл.","3149","76","2.19",""
"10135","СУПЕРМАРКЕТ НАБЛИЗО - гр. Варна","ТЕРТЕР СИРЕНЕ 350гр.","3150","9","3.52",""
"10135","СУПЕРМАРКЕТ НАБЛИЗО - гр. Варна","ТЕРТЕР КИСЕЛО МЛЯКО 2.9%","3153","7","0.76",""
"10135","СУПЕРМАРКЕТ НАБЛИЗО - гр. Варна","ЯБЪЛКА ЖЪЛТА-ИТАЛИЯ КЛАС 1","3173","53","2.40",""
"10135","СУПЕРМАРКЕТ НАБЛИЗО - гр. Варна","ИЗВАРА МОЕ ТВОЕ НАШЕ 500гр.","3191","14","2.40",""
"10135","СУПЕРМАРКЕТ НАБЛИЗО - гр. Варна","ДЕНТАЛ ДРИЙМ ПАСТА ЗА ЗЪБИ 75мл.","3207","81","2.30",""
"10135","СУПЕРМАРКЕТ НАБЛИЗО - гр. Варна","ДЕГУСТО ГРАХ 420гр.","3209","47","1.53","1.07"
"10135","СУПЕРМАРКЕТ НАБЛИЗО - гр. Варна","ПЕРЕЛИК СУХ ШПЕК 260гр.","3215","28","3.30",""
"10135","СУПЕРМАРКЕТ НАБЛИЗО - гр. Варна","ВАРНА СОВИНЬОН БЛАН 750мл.","3235","75","9.20",""
"10135","СУПЕРМАРКЕТ НАБЛИЗО - гр. Варна","ЕЛКО МОСКОВСКИ ШПЕК","3263","28","11.50",""
"10135","СУПЕРМАРКЕТ НАБЛИЗО - гр. Варна","ЗАГОРКА СВЕТЛО 2л.","3290","74","1.60",""
"10135","СУПЕРМАРКЕТ НАБЛИЗО - гр. Варна","ДЕРОНИ ГРАХ 400гр.","3302","47","1.82",""
"10135","СУПЕРМАРКЕТ НАБЛИЗО - гр. Варна","ЛЕДА ГРАХ 400гр.","3304","47","1.53",""
"10135","СУПЕРМАРКЕТ НАБЛИЗО - гр. Варна","ЧИРИО ДОМАТИ 680гр.","3306","48","2.86",""
"10135","СУПЕРМАРКЕТ НАБЛИЗО - гр. Варна","ПИРИНСКО 2л.","3371","74","1.63",""
"10135","СУПЕРМАРКЕТ НАБЛИЗО - гр. Варна","ВЕРЕЯ КИСЕЛО МЛЯКО 3.6%","3376","7","0.84",""
"10135","СУПЕРМАРКЕТ НАБЛИЗО - гр. Варна","ВЕРО БЛЕЙЗИ 400мл.","3382","79","1.32",""
"10135","СУПЕРМАРКЕТ НАБЛИЗО - гр. Варна","ГОВЕДАРЦИ СИРЕНЕ 200гр.","3391","9","2.09",""
"10135","СУПЕРМАРКЕТ НАБЛИЗО - гр. Варна","СИРЕНЕ РОДОПЧАНКА","3422","8","7.16",""
"10135","СУПЕРМАРКЕТ НАБЛИЗО - гр. Варна","ЦЪР ПЪР ШПЕК НА МЕТЪР","3424","28","8.03",""
"10135","СУПЕРМАРКЕТ НАБЛИЗО - гр. Варна","ДОБРОТИЦА СИРЕНЕ БЯЛАТА ЛЯСТОВИЦА 800гр.","3440","9","10.25",""
"10135","СУПЕРМАРКЕТ НАБЛИЗО - гр. Варна","РОДЕН КРАЙ БИСКВИТИ ОБИКНОВЕНИ 190гр.","3504","66","0.92",""
"10135","СУПЕРМАРКЕТ НАБЛИЗО - гр. Варна","ДЕГУСТО ДОМАТИ НА КУБЧЕТА 400гр.","3510","48","1.27","1.07"
"10135","СУПЕРМАРКЕТ НАБЛИЗО - гр. Варна","КАШКАВАЛ НАБОРЪ","3556","10","9.66",""
"10135","СУПЕРМАРКЕТ НАБЛИЗО - гр. Варна","ЛИНДТ МЛЕЧЕН ШОКОЛАД 100гр.","3574","69","3.50",""
"10135","СУПЕРМАРКЕТ НАБЛИЗО - гр. Варна","БОЖЕНЦИ КАШКАВАЛ 220гр.","3616","11","2.89",""
"10135","СУПЕРМАРКЕТ НАБЛИЗО - гр. Варна","БРАШНО СУВОРОВО ТИП 500 1кг.","3664","40","0.97",""
"10135","СУПЕРМАРКЕТ НАБЛИЗО - гр. Варна","РОШЕН ЛАКМИ МЛЕЧЕН ШОКОЛАД 90гр.","3673","69","1.94",""
"10135","СУПЕРМАРКЕТ НАБЛИЗО - гр. Варна","СИТОВО КИСЕЛО МЛЯКО 3.6%","3710","7","0.90",""
"10135","СУПЕРМАРКЕТ НАБЛИЗО - гр. Варна","ЕДУШО КЛАСИК МЛЯНО КАФЕ 250гр.","3722","70","5.88",""
"10135","СУПЕРМАРКЕТ НАБЛИЗО - гр. Варна","КРЪСТЕВ МАКАРОНИ ОХЛЮВИ 400гр.","3724","36","0.64",""
"10135","СУПЕРМАРКЕТ НАБЛИЗО - гр. Варна","ДОБРОТИЦА  ПРЯСНО МЛЯКО 1л.","3773","6","1.78",""
"10135","СУПЕРМАРКЕТ НАБЛИЗО - гр. Варна","ПРЕЗИДЕНТ КРАВЕ МАСЛО 250гр.","3779","12","7.60",""
"10135","СУПЕРМАРКЕТ НАБЛИЗО - гр. Варна","ЕДУШО ЕСПРЕСО ИНТЕНЗ МЛЯНО КАФЕ 250гр.","3782","70","5.88",""
"10135","СУПЕРМАРКЕТ НАБЛИЗО - гр. Варна","ЧАЙ СЕНА - МАЙЧИН ЛИСТ","3821","72","1.12",""
"10135","СУПЕРМАРКЕТ НАБЛИЗО - гр. Варна","ГОВЕДАРЦИ КАШКАВАЛ","3829","10","12.22",""
"10135","СУПЕРМАРКЕТ НАБЛИЗО - гр. Варна","ЧИБО ЕСПРЕСО МИЛАНО 250гр.","3889","70","6.75",""
"10135","СУПЕРМАРКЕТ НАБЛИЗО - гр. Варна","ЧИБО ЕСПРЕСО СИЦИЛИЯ 250гр.","3890","70","6.75",""
"10135","СУПЕРМАРКЕТ НАБЛИЗО - гр. Варна","КАШКАВАЛ КИСЕЛОВО ТОСТЕР","3900","10","11.71",""
"10135","СУПЕРМАРКЕТ НАБЛИЗО - гр. Варна","КРИСТАЛ БИСКВИТИ ОБИКНОВЕНИ 130гр.","4044","66","0.66",""
"10135","СУПЕРМАРКЕТ НАБЛИЗО - гр. Варна","РОДЕН КРАЙ ОБИКН. БИСКВИТИ 120гр.","4060","66","0.76",""
"10135","СУПЕРМАРКЕТ НАБЛИЗО - гр. Варна","БЕБО МОКРИ КЪРПИ АЛОЕ ВЕРА 72бр.","4063","84","1.78",""
"10135","СУПЕРМАРКЕТ НАБЛИЗО - гр. Варна","СКУМРУЯ ЗАМРАЗЕНА 3/5 АРИЕЛ ФИШ","4072","29","8.44",""
"10135","СУПЕРМАРКЕТ НАБЛИЗО - гр. Варна","КАШКАВАЛ ДОБРОТИЦА  350гр.","4092","11","7.10",""
"10135","СУПЕРМАРКЕТ НАБЛИЗО - гр. Варна","КРАВЕ МАСЛО МАРКЕНБУТЕР  250гр.","4153","12","3.99",""
"10135","СУПЕРМАРКЕТ НАБЛИЗО - гр. Варна","МАСЛИНИ НАТУРАЛНИ ЕКСТРА","4157","62","6.65",""
"10135","СУПЕРМАРКЕТ НАБЛИЗО - гр. Варна","БОЖЕНЦИ КИСЕЛО МЛЯКО 2 2%","4209","7","0.74",""
"10135","СУПЕРМАРКЕТ НАБЛИЗО - гр. Варна","МАСЛИНИ КАЛАМОН БЕЗ КОСТИЛКА","4217","62","8.44",""
"10135","СУПЕРМАРКЕТ НАБЛИЗО - гр. Варна","ЖЪЛТУША ПРЯСНО МЛЯКО 3% 1л.","4233","6","2.04",""
"10135","СУПЕРМАРКЕТ НАБЛИЗО - гр. Варна","ОЛИМПУС КИСЕЛО МЛЯКО 3.6%","4251","7","0.85",""
"10135","СУПЕРМАРКЕТ НАБЛИЗО - гр. Варна","ХЛЯБ РЪЧЕН 600гр.","4321","1","0.92",""
"10135","СУПЕРМАРКЕТ НАБЛИЗО - гр. Варна","ФЕРМАТА КРЕНВИРШ НАСИПЕН","4333","26","3.43",""
"10135","СУПЕРМАРКЕТ НАБЛИЗО - гр. Варна","ЧЕТКА ЗА ЗЪБИ КОЛГЕЙТ - ЗИГ ЗАГ","4355","80","1.48",""
"10135","СУПЕРМАРКЕТ НАБЛИЗО - гр. Варна","СИРЕНЕ БАЧО ИЛИЯ","4371","8","8.95",""
"10135","СУПЕРМАРКЕТ НАБЛИЗО - гр. Варна","ЗАХАР СЛАДЕЯ 1кг.","4436","38","1.10",""
"10135","СУПЕРМАРКЕТ НАБЛИЗО - гр. Варна","ХЛЯБ ЖИВЕНА СЪС РЪЖ 350гр.","4476","3","1.78",""
"10135","СУПЕРМАРКЕТ НАБЛИЗО - гр. Варна","ГОВЕДАРЦИ СИРЕНЕ 400гр.","4497","9","4.14",""
"10135","СУПЕРМАРКЕТ НАБЛИЗО - гр. Варна","ХЛЯБ ТРАПЕЗЕН С 5 БРАШНА 500гр.","4507","1","1.22",""
"10135","СУПЕРМАРКЕТ НАБЛИЗО - гр. Варна","ЗЕХТИН ПОМАС МИНЕРВА 1л.","4515","43","11.20",""
"10135","СУПЕРМАРКЕТ НАБЛИЗО - гр. Варна","ВЕЛИНГРАД  6*1.5л.","4521","73","3.34",""
"10135","СУПЕРМАРКЕТ НАБЛИЗО - гр. Варна","РУСО ДОМАТИ НА КУБЧЕТА 400гр.","4591","48","1.32",""
"10135","СУПЕРМАРКЕТ НАБЛИЗО - гр. Варна","БЕЛИНО КРОАСАН ЧЕРЕША  80гр.","4619","67","0.61",""
"10135","СУПЕРМАРКЕТ НАБЛИЗО - гр. Варна","ЯЙЦА БЕЛИ 10бр. КУТИЯ","4673","32","1.22",""
"10135","СУПЕРМАРКЕТ НАБЛИЗО - гр. Варна","ДЕРОНИ СТАРОСЕЛСКА ЕДРОСМЛЯНА ЛЮТЕНИЦА 520гр.","4677","49","4.95",""
"10135","СУПЕРМАРКЕТ НАБЛИЗО - гр. Варна","ОЦЕТ КУЛИНАР ЯБЪЛКОВ 700мл.","4696","45","1.33",""
"10135","СУПЕРМАРКЕТ НАБЛИЗО - гр. Варна","КЕН ФЛЕЙКА","4747","27","6.44",""
"10135","СУПЕРМАРКЕТ НАБЛИЗО - гр. Варна","СИРЕНЕ СИТОВО","4753","8","7.62",""
"10135","СУПЕРМАРКЕТ НАБЛИЗО - гр. Варна","МАСЛИНИ В ЗЕХТИН","4764","62","4.60",""
"10135","СУПЕРМАРКЕТ НАБЛИЗО - гр. Варна","ЯЙЦА БАГРЯНКА L 6бр.","4806","32","2.65",""
"10135","СУПЕРМАРКЕТ НАБЛИЗО - гр. Варна","ВИЛА ЯМБОЛ КАБЕРНЕ 750мл.","4856","76","4.60",""
"10135","СУПЕРМАРКЕТ НАБЛИЗО - гр. Варна","ОЦЕТ КУЛИНАР ЯБЪЛКОВ 330мл.","4864","45","0.71",""
"10135","СУПЕРМАРКЕТ НАБЛИЗО - гр. Варна","КАБИЛЕ ШАРДОНЕ И СОВИНЬОН 750мл.","4869","75","7.15",""
"10135","СУПЕРМАРКЕТ НАБЛИЗО - гр. Варна","ВИЛА ЯМБОЛ МАВРУД 750мл.","4873","76","4.60",""
"10135","СУПЕРМАРКЕТ НАБЛИЗО - гр. Варна","ПЕТЕЛ ЕДРОСМЛЯНА ЛЮТЕНИЦА  570гр.","4893","49","2.70",""
"10135","СУПЕРМАРКЕТ НАБЛИЗО - гр. Варна","МЕС-КО ПУЕШКИ КОЛБАС 230гр.","4894","27","5.06",""
"10135","СУПЕРМАРКЕТ НАБЛИЗО - гр. Варна","ХЛЯБ ДЕМЕА 650гр.","4900","1","1.02",""
"10135","СУПЕРМАРКЕТ НАБЛИЗО - гр. Варна","КОМАТ БЯЛ ХЛЯБ СЪС ЗАКВАСКА 500гр.","4901","1","1.10",""
"10135","СУПЕРМАРКЕТ НАБЛИЗО - гр. Варна","КАШКАВАЛ ЖЪЛТУША РЪЧНО ПРИГОТВЕН","4961","10","15.08",""
"10135","СУПЕРМАРКЕТ НАБЛИЗО - гр. Варна","СИРЕНЕ АЛФАТАР","4973","8","8.18",""
"10135","СУПЕРМАРКЕТ НАБЛИЗО - гр. Варна","АЛФАТАР КАШКАВАЛ 280гр.","5012","11","3.89",""
"10135","СУПЕРМАРКЕТ НАБЛИЗО - гр. Варна","КРЪСТЕВ МАКАРОНИ ПЕНЕ 400гр.","5057","36","0.64",""
"10135","СУПЕРМАРКЕТ НАБЛИЗО - гр. Варна","СТЕЛА МАКАРОНИ КОРАЛИ 500гр.","5066","36","1.53",""
"10135","СУПЕРМАРКЕТ НАБЛИЗО - гр. Варна","ТЕО БЕБЕ МОКРИ КЪРПИ ЛАВАНДУЛА 72бр.","5097","84","1.40",""
"10135","СУПЕРМАРКЕТ НАБЛИЗО - гр. Варна","МЕЛИСА МАКАРОНИ СПОНДЖ БОБ 500гр.","5140","36","1.32",""
"10135","СУПЕРМАРКЕТ НАБЛИЗО - гр. Варна","ВИЛА ЯМБОЛ МУСКАТ 750мл.","5146","75","4.60",""
"10135","СУПЕРМАРКЕТ НАБЛИЗО - гр. Варна","БОЧКО ПАСТА ЗА ЗЪБИ 75мл.","5175","81","1.53",""
"10135","СУПЕРМАРКЕТ НАБЛИЗО - гр. Варна","БОЧКО САПУН","5185","83","0.97",""
"10135","СУПЕРМАРКЕТ НАБЛИЗО - гр. Варна","ЕЛСЕВ ШАМПОАН 250мл.","5205","82","4.09",""
"10135","СУПЕРМАРКЕТ НАБЛИЗО - гр. Варна","ВЕРЕЯ ПРЯСНО МЛЯКО 3% 1л.","5210","6","1.56",""
"10135","СУПЕРМАРКЕТ НАБЛИЗО - гр. Варна","ГРАНОРО ДОМАТИ НА КУБЧЕТА 425гр.","5213","48","1.33",""
"10135","СУПЕРМАРКЕТ НАБЛИЗО - гр. Варна","АЛФАТАР КИСЕЛО МЛЯКО 3.6% 400гр.","5223","7","0.69",""
"10135","СУПЕРМАРКЕТ НАБЛИЗО - гр. Варна","САЯНА КАШКАВАЛ ВАКУУМ 200гр.","5242","11","2.71",""
"10135","СУПЕРМАРКЕТ НАБЛИЗО - гр. Варна","АЛФАТАР КРАВЕ СИРЕНЕ РЕЗЕРВА 400гр.","5258","9","4.39",""
"10135","СУПЕРМАРКЕТ НАБЛИЗО - гр. Варна","ДЕРОНИ МАКАРОНИ ФУСИЛИ 400гр.","5266","36","1.05",""
"10135","СУПЕРМАРКЕТ НАБЛИЗО - гр. Варна","КРЪСТЕВ ГРАХ 680гр.","5318","47","1.59",""
"10135","СУПЕРМАРКЕТ НАБЛИЗО - гр. Варна","ДЕРОНИ ГОРНОТРАКИЙСКА ЛЮТЕНИЦА 520гр.","5325","49","3.47",""
"10135","СУПЕРМАРКЕТ НАБЛИЗО - гр. Варна","КОРИ ОДРИНСКИ 500гр.","5383","5","1.78",""
"10135","СУПЕРМАРКЕТ НАБЛИЗО - гр. Варна","БОБ КРИНА ТРАДИЦИОНЕН 1кг","5403","33","3.43",""
"10135","СУПЕРМАРКЕТ НАБЛИЗО - гр. Варна","ЛАКАЛУТ ПАСТА ЗА ЗЪБИ 75мл.","5420","81","4.55",""
"10135","СУПЕРМАРКЕТ НАБЛИЗО - гр. Варна","ЕМЕКА ТОАЛЕТНА ХАРТИЯ 8-ца","5432","85","2.70",""
"10135","СУПЕРМАРКЕТ НАБЛИЗО - гр. Варна","СИТОВО КРАВЕ СИРЕНЕ КУТИЯ 800гр.","5459","9","9.66",""
"10135","СУПЕРМАРКЕТ НАБЛИЗО - гр. Варна","ТРАКИЙСКИ КОРИ 400гр.","5475","5","1.53",""
"10135","СУПЕРМАРКЕТ НАБЛИЗО - гр. Варна","ВЕРЕЯ СИРЕНЕ ВАКУМ 400гр.","5482","9","4.90",""
"10135","СУПЕРМАРКЕТ НАБЛИЗО - гр. Варна","СВИНСКИ ВРАТ БЕЗ КОСТ ОХЛАДЕН","5511","21","8.13",""
"10135","СУПЕРМАРКЕТ НАБЛИЗО - гр. Варна","БУТЧЕ ПИЛЕШКО ОХЛАДЕНО","5516","17","3.38",""
"10135","СУПЕРМАРКЕТ НАБЛИЗО - гр. Варна","КАШКАВАЛ СЛАВЕЯ","5532","10","8.95",""
"10135","СУПЕРМАРКЕТ НАБЛИЗО - гр. Варна","ХЛЯБ ДЕНИСЛАВ 650гр.","5567","1","1.07",""
"10135","СУПЕРМАРКЕТ НАБЛИЗО - гр. Варна","КИСЕЛОВО КРАВЕ МАСЛО 250гр.","5597","12","4.10",""
"10135","СУПЕРМАРКЕТ НАБЛИЗО - гр. Варна","РОШЕН ШОКОЛАД БАБЪЛ МЛЕЧЕН 85гр.","5802","69","1.73",""
"10135","СУПЕРМАРКЕТ НАБЛИЗО - гр. Варна","ЕЛСЕВ ШАМПОАН 400мл.","5803","82","5.37",""
"10135","СУПЕРМАРКЕТ НАБЛИЗО - гр. Варна","МАСЛИНИ ЧЕРНИ ОМАЗНЕНИ","5864","62","5.06",""
"10135","СУПЕРМАРКЕТ НАБЛИЗО - гр. Варна","МАСЛИНИ ГЕМЛИК","5898","62","6.55",""
"10135","СУПЕРМАРКЕТ НАБЛИЗО - гр. Варна","МИЛДЕ 8-ца Т.Х","5922","85","4.10",""
"10135","СУПЕРМАРКЕТ НАБЛИЗО - гр. Варна","ХЛЯБ ДОБРУДЖАНСКИ ТИПОВ 500гр.","5980","4","0.82",""
"10135","СУПЕРМАРКЕТ НАБЛИЗО - гр. Варна","ФРУКТИС ШАМПОАН 400мл.","6009","82","3.89",""
"10135","СУПЕРМАРКЕТ НАБЛИЗО - гр. Варна","БОБ КРЪСТЕВ ЕКСТРА 1кг.","6025","33","3.22",""
"10135","СУПЕРМАРКЕТ НАБЛИЗО - гр. Варна","ОЛИМПУС ИЗВАРА 400гр.","6026","14","2.15",""
"10135","СУПЕРМАРКЕТ НАБЛИЗО - гр. Варна","ЧЕТКА ЗА ЗЪБИ КОЛГЕЙТ СЛИМ СОФТ","6030","80","2.76",""
"10135","СУПЕРМАРКЕТ НАБЛИЗО - гр. Варна","ОЛИО КРИСТАЛ 1л.","6032","42","2.04",""
"10135","СУПЕРМАРКЕТ НАБЛИЗО - гр. Варна","ИФАНТИС ШУНКА 300гр.","6052","27","1.85",""
"10135","СУПЕРМАРКЕТ НАБЛИЗО - гр. Варна","БОБ ЗРЯЛ ВАРЕН КРЪСТЕВ 540гр.","6136","46","1.48",""
"10135","СУПЕРМАРКЕТ НАБЛИЗО - гр. Варна","ДОМЕЙН БОЯР КВАНТУМ МЕРЛО 750мл.","6637","76","6.13",""
"10135","СУПЕРМАРКЕТ НАБЛИЗО - гр. Варна","ДОМЕЙН БОЯР МЕРЛО 750мл.","6640","76","5.23",""
"10135","СУПЕРМАРКЕТ НАБЛИЗО - гр. Варна","КРАВЕ МАСЛО МОНАРХ 250гр","6664","12","4.75",""
"10135","СУПЕРМАРКЕТ НАБЛИЗО - гр. Варна","КОЛГЕЙТ ПАСТА ЗА ЗЪБИ 50мл.","6693","81","1.07",""
"10135","СУПЕРМАРКЕТ НАБЛИЗО - гр. Варна","ЕДУШО КАФЕ НА ЗЪРНА КРЕМА 1кг.","6754","71","25.55",""
"10135","СУПЕРМАРКЕТ НАБЛИЗО - гр. Варна","ДЕ ЧЕКО ДОМАТИ НА КУБЧЕТА 400гр.","6759","48","1.53",""
"10135","СУПЕРМАРКЕТ НАБЛИЗО - гр. Варна","МАДЖАРОВ КРАВЕ СИРЕНЕ 400гр.","6847","9","6.64",""
"10135","СУПЕРМАРКЕТ НАБЛИЗО - гр. Варна","ОЦЕТ РУСЕНЕЦ ЯБЪЛКОВ 700мл","6856","45","1.27",""
"10135","СУПЕРМАРКЕТ НАБЛИЗО - гр. Варна","ХЛЯБ ДЕМЕА СЕЛСКИ СЪС ЗАКВАСКА 500гр.","6967","1","1.07",""
"10135","СУПЕРМАРКЕТ НАБЛИЗО - гр. Варна","ХЛЯБ ДЕМЕЯ ТИПОВ 650гр.","6968","4","0.95",""
"10135","СУПЕРМАРКЕТ НАБЛИЗО - гр. Варна","БАРИЛА СПАГЕТИ н.3","7060","37","1.53",""
"10135","СУПЕРМАРКЕТ НАБЛИЗО - гр. Варна","БАРИЛА СПАГЕТИ н.5","7061","37","1.53",""
"10135","СУПЕРМАРКЕТ НАБЛИЗО - гр. Варна","БЕБО МОКРИ КЪРПИ ЛАЙКА 72бр.","7085","84","1.78",""
"10135","СУПЕРМАРКЕТ НАБЛИЗО - гр. Варна","КВАНТУМ СОВИНЬОН БЛАН ЗЕРО 750мл.","7095","75","6.30",""
"10135","СУПЕРМАРКЕТ НАБЛИЗО - гр. Варна","КРОАСАН 7ДЕЙС 92гр - МАКС БРЮЛЕ","7109","67","0.90",""
"10135","СУПЕРМАРКЕТ НАБЛИЗО - гр. Варна","КРОАСАН 7ДЕЙС 92гр - ДАБЪЛ МАКС ЯГОДА","7110","67","0.90",""
"10135","СУПЕРМАРКЕТ НАБЛИЗО - гр. Варна","КРОАСАН 7ДЕЙС 92гр - ДАБЪЛ МАКС ЧЕРЕША","7111","67","0.90",""
"10135","СУПЕРМАРКЕТ НАБЛИЗО - гр. Варна","КРОАСАН МИНИ 7ДЕЙС 60гр - КАКАО","7114","67","0.86",""
"10135","СУПЕРМАРКЕТ НАБЛИЗО - гр. Варна","КРОАСАН МИНИ 7ДЕЙС 60гр - ТОРТА","7115","67","0.86",""
"10135","СУПЕРМАРКЕТ НАБЛИЗО - гр. Варна","ДОМЕЙН БОЯР КАБЕРНЕ 750мл.","7128","76","5.23",""
"10135","СУПЕРМАРКЕТ НАБЛИЗО - гр. Варна","КИСЕЛО МЛЯКО ДОБРОТИЦА 3.6%","7144","7","1.00",""
"10135","СУПЕРМАРКЕТ НАБЛИЗО - гр. Варна","ДЕРОНИ ДОМАТИ НА КУБЧЕТА 400гр.","7148","48","1.40",""
"10135","СУПЕРМАРКЕТ НАБЛИЗО - гр. Варна","ДЕРОНИ СПАГЕТИ н.10 400гр.","7149","37","1.07",""
"10135","СУПЕРМАРКЕТ НАБЛИЗО - гр. Варна","ЛАГАРД РЪЖЕН ХЛЯБ 470гр.","7419","3","1.53",""
"10135","СУПЕРМАРКЕТ НАБЛИЗО - гр. Варна","БОЧКО МОКРИ КЪРПИ С КАПАК","7460","84","1.95",""
"10135","СУПЕРМАРКЕТ НАБЛИЗО - гр. Варна","СТЕЛА МАКАРОНИ МИДИЧКИ 500гр.","7480","36","1.53",""
"10135","СУПЕРМАРКЕТ НАБЛИЗО - гр. Варна","СТЕЛА МАКАРОНИ ФУСИЛИ 500гр.","7490","36","1.53",""
"10135","СУПЕРМАРКЕТ НАБЛИЗО - гр. Варна","СТЕЛА МАКАРОНИ ПЕНЕС  500гр.","7494","36","1.53",""
"10135","СУПЕРМАРКЕТ НАБЛИЗО - гр. Варна","СТАРО ОРЯХОВО СОВИНЬОН БЛАН 750мл.","7588","75","10.70",""
"10135","СУПЕРМАРКЕТ НАБЛИЗО - гр. Варна","ОЦЕТ ВИНЕН ДЕЛАЛМА 700мл.","7640","44","1.74",""
"10135","СУПЕРМАРКЕТ НАБЛИЗО - гр. Варна","САЯНА КАШКАВАЛ  400гр.","7655","11","5.88",""
"10135","СУПЕРМАРКЕТ НАБЛИЗО - гр. Варна","ДЕ ЧЕКО ЗЕХТИН ЕКСТРА ВЪРДЖИН 1л.","7660","43","12.53",""
"10135","СУПЕРМАРКЕТ НАБЛИЗО - гр. Варна","ХЛЯБ РЪЖЕН ТОСТЕР 550гр.","7672","3","1.07",""
"10135","СУПЕРМАРКЕТ НАБЛИЗО - гр. Варна","ОЛИО РОДНО 1л.","7710","42","1.94",""
"10135","СУПЕРМАРКЕТ НАБЛИЗО - гр. Варна","ТЕРТЕР ПРЯСНО МЛЯКО 3.6% 1л.","7762","6","1.43",""
"10135","СУПЕРМАРКЕТ НАБЛИЗО - гр. Варна","СИТОВО КРАВЕ МАСЛО 125гр.","7905","12","2.04",""
"10135","СУПЕРМАРКЕТ НАБЛИЗО - гр. Варна","ЧИФЛИК ЛИВАДИ СОВИНЬОН БЛАН 750мл.","7977","75","12.53",""
"10135","СУПЕРМАРКЕТ НАБЛИЗО - гр. Варна","СЛЪНЧЕВ ХЛЯБ РЪЖ 100% 400гр.","8108","3","3.84",""
